Rl:
[0.9999989691541357, 0.001299422902523425, 0.0006108934329130272;
 -0.001298313480066862, 0.9999975137617827, -0.001812967832208573;
 -0.0006132477260091429, 0.001812172832139343, 0.9999981699767521]
Rr:
[0.9999983384361282, 0.00172160542215004, -0.0005993327567697355;
 -0.001720516260547814, 0.9999968762645429, 0.001813087133525155;
 0.0006024523052526547, -0.001812052959211578, 0.9999981767559843]
Pl:
[605.6677760875993, 0, 316.8219795227051, 0;
 0, 605.6677760875993, 233.0701904296875, 0;
 0, 0, 1, 0]
Pr:
[605.6677760875993, 0, 316.8219795227051, -42434.9676045169;
 0, 605.6677760875993, 233.0701904296875, 0;
 0, 0, 1, 0]
Q:
[1, 0, 0, -316.8219795227051;
 0, 1, 0, -233.0701904296875;
 0, 0, 0, 605.6677760875993;
 0, 0, 0.01427284643486167, -0]
